2
3
5
6
7
10
11
12
13
17
19
22
23
28
29
31
34
37
40
41
43
45
47
48
52
53
54
56
58
59
61
63
67
71
73
75
76
79
80
82
83
88
89
90
96
97
99
101
103
104
107
108
109
113
117
118
127
131
136
137
139
142
147
148
149
151
153
157
163
165
167
172
173
175
176
179
181
184
191
193
197
198
199
202
207
210
211
214
223
224
227
229
233
239
241
245
248
250
251
252
257
263
268
269
271
273
274
277
279
281
283
293
294
296
298
300
307
311
313
316
317
320
325
328
331
333
337
345
347
349
350
353
358
359
360
367
368
369
373
376
379
382
383
384
385
388
389
390
394
397
399
401
405
409
412
414
416
419
420
421
423
424
431
432
433
435
436
439
443
448
449
454
457
461
462
463
464
467
468
475
477
478
479
486
487
488
491
499
500
503
504
507
508
509
521
522
523
536
538
541
547
549
550
557
561
562
563
567
569
570
571
577
584
587
593
595
599
600
601
603
607
608
613
617
619
622
631
640
641
643
647
651
652
653
657
659
660
661
664
665
673
675
677
683
684
686
691
694
701
704
709
714
715
719
720
727
733
739
743
747
751
757
759
761
768
769
772
773
775
776
777
787
792
795
797
798
808
809
810
811
821
823
824
827
829
833
838
839
845
847
848
850
853
856
857
858
859
862
863
864
867
873
877
881
883
885
887
891
892
903
907
909
911
916
919
922
925
927
929
930
937
941
944
947
950
953
954
957
963
967
971
972
977
980
983
991
992
997
